50
10
82 4
4 9
32 8
18 4
87 18
12 19
55 2
4 3
28 8
65 20

50
15
4 18
26 18
54 8
58 19
36 1
98 6
90 14
44 9
20 7
98 11
14 3
49 4
46 12
78 9
6 15

50
20
69 4
49 3
71 10
81 20
47 19
25 3
6 8
99 10
11 8
13 13
36 15
82 12
21 12
46 7
86 9
90 3
78 6
69 8
21 15
49 9

50
25
82 18
29 11
99 2
30 2
41 13
35 3
28 19
92 11
28 16
51 15
19 9
18 8
96 18
69 9
96 19
55 19
52 12
29 5
66 16
12 2
15 5
81 6
88 14
77 3
50 13

50
30
77 15
68 9
71 1
88 4
88 18
97 9
99 11
15 10
56 6
59 1
93 9
65 6
65 4
81 10
82 17
78 7
20 12
98 6
70 17
1 20
42 16
3 4
47 10
31 2
31 19
11 3
94 16
9 18
99 5
17 16

50
35
71 6
34 17
78 14
28 18
97 7
92 10
52 12
57 17
58 4
32 8
9 11
3 19
71 8
76 8
1 3
91 2
30 3
5 11
10 17
31 9
86 16
28 18
17 19
74 16
32 16
53 7
13 4
85 14
46 14
53 15
94 2
87 4
8 13
94 11
14 8

50
40
25 7
69 15
18 14
24 9
60 8
10 15
71 4
7 18
2 3
97 8
22 14
63 16
28 13
8 6
49 1
50 9
59 10
55 18
85 16
20 7
38 7
8 19
95 18
8 11
8 2
75 16
65 17
21 2
66 3
24 3
77 3
87 8
52 4
73 8
75 20
6 20
11 14
85 19
73 17
41 9

50
45
27 11
31 9
51 5
86 10
59 11
97 3
2 15
80 19
13 3
69 7
65 9
17 12
9 8
48 10
21 15
70 10
79 17
2 18
39 4
18 9
15 4
96 18
20 9
37 20
27 11
27 9
65 16
33 2
12 14
36 2
1 11
99 5
82 9
21 15
71 14
72 1
15 3
89 5
70 2
48 19
71 5
56 5
6 10
47 2
46 7

50
50
88 8
86 4
46 18
53 20
96 5
31 6
23 14
4 6
95 11
53 8
35 6
90 4
49 2
61 8
26 15
45 10
30 8
4 7
52 11
36 3
99 9
45 17
52 18
43 1
15 9
23 19
34 2
14 20
56 12
94 11
56 20
66 4
50 19
25 9
6 14
1 17
69 7
47 14
9 11
80 11
85 4
93 10
65 10
86 14
42 13
90 10
71 5
25 14
86 13
87 6

50
55
79 19
39 13
71 1
39 10
27 14
75 20
84 11
60 15
57 7
66 16
95 6
85 3
37 17
85 20
43 3
97 8
87 10
29 7
19 1
6 8
61 20
99 3
59 14
81 19
25 13
64 13
32 5
84 1
97 4
100 14
29 6
90 17
60 2
72 8
16 15
18 15
86 17
72 20
41 15
79 17
55 18
58 6
96 16
58 9
97 8
82 9
99 17
63 8
36 15
10 10
31 9
43 11
70 3
18 5
30 13

50
60
89 5
91 7
9 14
53 11
70 15
54 2
27 14
50 19
90 1
98 19
49 16
1 12
39 13
54 18
96 18
78 8
63 8
35 14
63 1
50 11
86 13
93 6
60 5
80 18
4 13
76 19
85 1
11 14
18 15
24 2
34 13
42 7
59 11
44 13
36 14
33 3
61 1
96 18
7 12
29 3
100 2
97 1
32 7
3 20
20 8
17 16
86 4
73 7
60 9
99 12
22 20
78 4
100 6
40 4
75 1
40 19
87 13
51 7
10 19
89 8

50
65
14 10
88 20
16 19
6 12
69 14
85 12
9 17
83 11
2 14
63 4
56 12
82 15
91 5
56 6
94 17
84 9
79 18
100 16
60 14
94 19
35 11
32 3
36 15
32 15
73 20
86 13
44 1
64 11
24 16
28 12
34 11
36 20
90 9
72 1
67 7
11 8
93 14
63 18
98 8
89 16
83 16
58 1
12 10
29 13
89 8
40 19
48 16
71 17
45 14
96 18
43 12
90 15
35 10
33 8
16 7
41 4
96 18
98 6
25 7
95 16
36 19
98 17
77 10
13 7
38 8

50
70
47 6
39 1
91 18
17 9
6 2
71 10
90 5
82 16
14 1
74 10
61 16
57 11
24 2
33 16
15 3
52 16
10 19
81 2
20 5
73 10
11 8
16 18
98 14
78 20
80 8
100 17
49 15
57 10
76 14
40 19
80 2
79 4
98 7
81 7
34 3
21 8
23 18
10 6
1 14
58 20
61 10
5 8
37 10
90 15
10 8
34 19
85 7
55 4
70 8
83 5
35 5
10 2
22 10
77 19
37 15
16 15
89 10
90 13
35 17
70 16
57 3
77 2
56 11
78 9
4 3
30 19
76 1
98 9
74 2
98 6

50
75
61 17
84 15
36 6
75 14
82 16
12 16
45 14
43 11
86 4
21 11
53 16
37 13
98 18
5 15
12 11
33 11
15 13
66 1
85 18
60 14
7 7
67 12
80 16
81 15
98 2
27 9
71 5
37 15
90 16
16 1
81 20
31 6
40 18
2 18
53 3
29 4
60 4
83 5
64 10
66 9
54 16
61 8
59 18
19 13
25 20
66 5
9 9
99 14
44 17
35 1
37 10
76 19
85 16
20 15
69 16
45 11
71 18
49 15
42 7
90 8
74 13
30 14
6 11
96 16
91 13
50 5
64 2
17 17
76 11
13 15
13 17
59 1
93 5
53 5
10 16

50
80
34 11
80 13
84 3
43 18
49 11
81 16
70 2
80 3
31 10
30 3
56 4
98 4
57 6
89 10
4 2
42 2
38 12
48 14
19 8
68 14
73 6
22 6
11 20
49 20
88 8
64 19
19 8
60 9
59 9
86 1
60 10
87 18
21 3
57 12
76 10
82 14
89 9
59 10
26 13
62 4
31 13
74 12
74 10
90 10
3 13
36 1
73 2
78 16
37 8
78 12
29 7
80 9
87 5
81 4
81 2
40 15
5 19
47 5
12 10
42 14
23 7
17 18
47 17
65 9
22 9
62 10
96 11
15 15
10 5
97 8
87 13
72 12
12 13
2 9
69 4
59 12
87 9
75 13
82 12
14 8
