10
15
82 4
4 9
32 8
18 4
87 18
12 19
55 2
4 3
28 8
65 20
4 18
26 18
54 8
58 19
36 1

15
15
98 6
90 14
44 9
20 7
98 11
14 3
49 4
46 12
78 9
6 15
69 4
49 3
71 10
81 20
47 19

20
15
25 3
6 8
99 10
11 8
13 13
36 15
82 12
21 12
46 7
86 9
90 3
78 6
69 8
21 15
49 9

25
15
82 18
29 11
99 2
30 2
41 13
35 3
28 19
92 11
28 16
51 15
19 9
18 8
96 18
69 9
96 19

30
15
55 19
52 12
29 5
66 16
12 2
15 5
81 6
88 14
77 3
50 13
77 15
68 9
71 1
88 4
88 18

35
15
97 9
99 11
15 10
56 6
59 1
93 9
65 6
65 4
81 10
82 17
78 7
20 12
98 6
70 17
1 20

40
15
42 16
3 4
47 10
31 2
31 19
11 3
94 16
9 18
99 5
17 16
71 6
34 17
78 14
28 18
97 7

45
15
92 10
52 12
57 17
58 4
32 8
9 11
3 19
71 8
76 8
1 3
91 2
30 3
5 11
10 17
31 9

50
15
86 16
28 18
17 19
74 16
32 16
53 7
13 4
85 14
46 14
53 15
94 2
87 4
8 13
94 11
14 8

55
15
25 7
69 15
18 14
24 9
60 8
10 15
71 4
7 18
2 3
97 8
22 14
63 16
28 13
8 6
49 1

60
15
50 9
59 10
55 18
85 16
20 7
38 7
8 19
95 18
8 11
8 2
75 16
65 17
21 2
66 3
24 3

65
15
77 3
87 8
52 4
73 8
75 20
6 20
11 14
85 19
73 17
41 9
27 11
31 9
51 5
86 10
59 11

70
15
97 3
2 15
80 19
13 3
69 7
65 9
17 12
9 8
48 10
21 15
70 10
79 17
2 18
39 4
18 9

75
15
15 4
96 18
20 9
37 20
27 11
27 9
65 16
33 2
12 14
36 2
1 11
99 5
82 9
21 15
71 14

80
15
72 1
15 3
89 5
70 2
48 19
71 5
56 5
6 10
47 2
46 7
88 8
86 4
46 18
53 20
96 5
